# 15  # Number of network ROIs
# 1  # Number of netcc matrices
# WITH_ROI_LABELS
   Nsubj_47 Nsubj_46 Nsubj_45 Nsubj_44 Nsubj_43 Nsubj_42 Nsubj_41 Nsubj_40 Nsubj_39 Nsubj_38 Nsubj_37 Nsubj_32 Nsubj_27 Nsubj_22 Nsubj_17
   1 2 3 4 5 6 7 8 9 10 11 12 13 14 15
# Corr_coef
           1	    0.993293	    0.985905	     0.97895	     0.97895	    0.973468	    0.964335	    0.964335	    0.957194	    0.946137	    0.939535	    0.907215	    0.887437	    0.819744	    0.777163	
    0.993293	           1	    0.994178	    0.987928	    0.987928	    0.981164	    0.972612	    0.972612	     0.96513	    0.954459	    0.946082	    0.911302	    0.892555	    0.820414	    0.776672	
    0.985905	    0.994178	           1	    0.994089	    0.994089	     0.98663	    0.978677	    0.978677	      0.9717	    0.960334	    0.951558	    0.914304	    0.896296	    0.822442	    0.778009	
     0.97895	    0.987928	    0.994089	           1	           1	    0.991763	    0.983935	    0.983935	    0.976788	    0.966016	    0.956201	    0.917787	    0.900831	    0.823611	    0.778935	
     0.97895	    0.987928	    0.994089	           1	           1	    0.991763	    0.983935	    0.983935	    0.976788	    0.966016	    0.956201	    0.917787	    0.900831	    0.823611	    0.778935	
    0.973468	    0.981164	     0.98663	    0.991763	    0.991763	           1	     0.99185	     0.99185	    0.985483	    0.973967	     0.96569	    0.928265	     0.90889	    0.833779	    0.789062	
    0.964335	    0.972612	    0.978677	    0.983935	    0.983935	     0.99185	           1	           1	    0.994149	    0.983096	    0.974877	    0.936042	    0.914846	    0.840263	    0.794629	
    0.964335	    0.972612	    0.978677	    0.983935	    0.983935	     0.99185	           1	           1	    0.994149	    0.983096	    0.974877	    0.936042	    0.914846	    0.840263	    0.794629	
    0.957194	     0.96513	      0.9717	    0.976788	    0.976788	    0.985483	    0.994149	    0.994149	           1	    0.988845	    0.982141	    0.943662	    0.919856	    0.848881	    0.801667	
    0.946137	    0.954459	    0.960334	    0.966016	    0.966016	    0.973967	    0.983096	    0.983096	    0.988845	           1	    0.992075	    0.952572	    0.928343	    0.857217	    0.809314	
    0.939535	    0.946082	    0.951558	    0.956201	    0.956201	     0.96569	    0.974877	    0.974877	    0.982141	    0.992075	           1	    0.961434	    0.933603	    0.869317	    0.819176	
    0.907215	    0.911302	    0.914304	    0.917787	    0.917787	    0.928265	    0.936042	    0.936042	    0.943662	    0.952572	    0.961434	           1	    0.968694	    0.906142	    0.849373	
    0.887437	    0.892555	    0.896296	    0.900831	    0.900831	     0.90889	    0.914846	    0.914846	    0.919856	    0.928343	    0.933603	    0.968694	           1	    0.925081	    0.866685	
    0.819744	    0.820414	    0.822442	    0.823611	    0.823611	    0.833779	    0.840263	    0.840263	    0.848881	    0.857217	    0.869317	    0.906142	    0.925081	           1	    0.929716	
    0.777163	    0.776672	    0.778009	    0.778935	    0.778935	    0.789062	    0.794629	    0.794629	    0.801667	    0.809314	    0.819176	    0.849373	    0.866685	    0.929716	           1	
